1010757211
101142955
101608455
1024431976
103013826
1038748564
105560640
106794457
1070427287
107434292
1090886009
1094454096
1111537236
1116186742
112693589
1135926779
1143693749
1149692133
1174480014
1182011835
1201141043
1208032800
121024924
121813697
1237731903
1240839488
1241220170
1257704902
1258737399
1271586402
1284671905
1296594966
1321601971
1324712545
1340688680
1349621343
1371402544
138310246
1383748850
1395033549
139898434
1406900436
141714690
1436243662
1455063197
1486363236
1487630024
149150771
149603440
1507825739
1527202777
1561902848
157073491
1585924472
1599501609
1621035099
1637490802
1648068406
1658442426
1663221608
1690289088
1701150940
1704731806
1723715014
1730411318
1744139127
1772672248
1781306584
1784631141
1805412498
1805771453
1808283994
1811459721
181779963
1821043978
1821044039
1830214863
1847682034
1859928033
1895461879
1900234952
1908505526
1915539607
1918950624
1946250315
1951070317
1967527748
1970460038
2001439457
2034446629
2043957975
2045151783
2063566849
2066370044
2071674414
2072002902
2073903290
2078517484
2078925459
2082435505
2093978290
2101781765
2122727719
216490632
236321668
240305301
282584005
289121492
313181831
317318571
326196994
329510551
35285456
357131616
397037177
424947248
426204404
432460547
458340435
468873896
472351939
475472611
492040433
502823558
5035744511
5054837019
5057351042
5100828480
5110271680
5115871759
5127699331
5144707099
5160626134
5180598741
5188355363
5213139820
5244411179
5248577249
5256922739
5267377304
5282165863
52823681
5333357348
5342152063
536505457
5367883242
5402620833
5402642446
5415215498
5440662345
5464657493
5464978303
548444537
5485400832
5495886312
5501468805
550678288
5514751091
5518458325
5523412917
5526601425
5526919402
5535795924
5542781826
5543944079
5552711007
5553274420
5554979486
5564139812
5571666097
5581379389
5586322220
5606037886
5619084112
5620981488
5662724915
5663059861
5675078082
5684884042
5687602133
5693960124
5702962869
5712315737
5723357442
5730060911
573973095
5750454873
5759046401
5763138361
5779380387
5795955101
5797684061
5802830885
580511903
5807439313
5826082778
5843345673
5850984971
5867283583
5874617230
5889022587
5890114982
5896779479
5908733842
5912658978
5913013786
5915468059
5921342116
5934320647
5937871867
5942814689
5943769792
5945460865
5972018116
5972481205
5978090294
5988495611
5994723774
5997045253
6029877985
6034130876
6034890064
6043398530
6046035674
6047956446
6060586607
6065587553
6066398201
6097582996
6104468571
6105959728
6107040275
6110579091
6120098530
6125865063
6132666715
6135184778
6138683306
6153645688
6161072984
6164770493
6174632901
6178573707
6187759212
6197556066
6201068137
6202691701
6205144698
6217003859
6219957769
6249742294
6255988435
6290001816
6298540345
6302373777
6312345310
6318743877
6319987849
6325676491
6334955171
6337872078
6350363072
6361415796
6368031755
6379314809
6384837404
6385863623
6387081892
6388945623
6389184174
6393539766
6395652927
6405541116
6418156764
6429292622
6439537018
6441284087
6454439198
6454857685
64603317
6460761673
6461054709
6464415036
6465985009
6466765950
6469548914
6470365404
6474252889
6476791240
6482827414
6484558257
6486833310
6487320890
6487397247
6505361579
6512465263
6515303228
6516510197
6517894810
6519165703
6529472413
6530564970
6530947050
6531329178
6541506481
6556211221
655679046
6578439149
6584632225
6588552489
6589020328
6593016630
6596760251
6597297719
6599601635
6603178664
6604832731
6605394742
6606995290
6643829188
6663702263
6668643426
6670797798
6680847702
6683479928
6694151005
6695369797
6695900950
6702368870
6705551569
6709048390
6713671458
6716599172
6717650780
67240625
6726855112
6733441723
6733595820
6738580254
6742233168
6745689161
6747017728
6748867212
6750084426
6750163378
6759764523
6761354453
6763527671
6771873092
6778322265
6783587090
6784487646
6789267789
6792633737
6793161126
6800251752
6812684637
6822559118
6828293212
6834871139
6835380898
6836488285
6845789278
685965756
6877017898
6879038958
6879281002
6884900004
6886052188
6886598739
6888323265
6894461228
6896813869
6896909264
6897025853
6901670334
690383564
6910957499
6913551238
6918578963
6919170587
6919686954
6920104260
6920953677
6925577031
6927145700
6932338066
6933481105
6943492230
6943557457
6943848831
6946769349
6948367973
6953653642
6965778986
6967088595
6977003725
6982270267
6983226661
6987577851
6989767743
6990080953
6990802853
6999515997
700259296
7008269820
7008808275
7025559211
7033121413
7033709858
7038425677
7052731462
7057273531
7060945624
7066038624
7066841565
7070449817
7072056680
7084844923
7087953065
7088684449
7098809857
7099839563
7101488116
7103890559
710967408
7110532852
7117415232
7117492525
7120602956
7126092541
7129223925
7129431449
7134642677
7141635822
7143497405
7145903325
7148180845
7149605617
7150632736
7157387957
7172923932
7179036202
7181111479
7181200756
7181792545
7189208814
7190380449
7191481988
7199266062
7199473853
722294218
74301876
746641891
789568609
79252863
797554300
81593517
817389188
82212465
831875218
852113623
869360861
879291250
891352631
927339554
92861170
93466641
935659543
946790914
958639323
96198161
972910164
977145789
98139443
981537535
981576511
987438671
99136066